FID	IID
1005	1005
1010	1010
1015	1015
1019	1019
1029	1029
1034	1034
1036	1036
1045	1045
1046	1046
1047	1047
1052	1052
1058	1058
1078	1078
1085	1085
1089	1089
1098	1098
1103	1103
1104	1104
1105	1105
1114	1114
1119	1119
1121	1121
1123	1123
11249	11249
11253	11253
11254	11254
11255	11255
11258	11258
11259	11259
11263	11263
11264	11264
11265	11265
11266	11266
11267	11267
11271	11271
11275	11275
11276	11276
11279	11279
11281	11281
11285	11285
11287	11287
11288	11288
1129	1129
11290	11290
11291	11291
11293	11293
11294	11294
11295	11295
11298	11298
11300	11300
11303	11303
11305	11305
11306	11306
11307	11307
11309	11309
11312	11312
11313	11313
11314	11314
11316	11316
11317	11317
11319	11319
11320	11320
11321	11321
11322	11322
11323	11323
11325	11325
11327	11327
11328	11328
11329	11329
11330	11330
11331	11331
11333	11333
11334	11334
11337	11337
11338	11338
11340	11340
11341	11341
11344	11344
11345	11345
11346	11346
11349	11349
11353	11353
11355	11355
11357	11357
11358	11358
1137	1137
11370	11370
11371	11371
11372	11372
11374	11374
11377	11377
11381	11381
11383	11383
11385	11385
11389	11389
11393	11393
11394	11394
11395	11395
11396	11396
11397	11397
11398	11398
11399	11399
11400	11400
11402	11402
11403	11403
11404	11404
11408	11408
11410	11410
11412	11412
11417	11417
11422	11422
11423	11423
11424	11424
11425	11425
11426	11426
11427	11427
11428	11428
11429	11429
11430	11430
11431	11431
11433	11433
11440	11440
11443	11443
11445	11445
11447	11447
11448	11448
11449	11449
11452	11452
11456	11456
11457	11457
11460	11460
11463	11463
11464	11464
11465	11465
11468	11468
11469	11469
11470	11470
11471	11471
11472	11472
11474	11474
11476	11476
11480	11480
11481	11481
11482	11482
11483	11483
11485	11485
11486	11486
11489	11489
11491	11491
11492	11492
11493	11493
11494	11494
11495	11495
11497	11497
11498	11498
11499	11499
11500	11500
11502	11502
11505	11505
11506	11506
11507	11507
1166	1166
1172	1172
1183	1183
1195	1195
1200	1200
1214	1214
1239	1239
1271	1271
1275	1275
129	129
1302	1302
134	134
135	135
141	141
142	142
149	149
1919	1919
1926	1926
1929	1929
1931	1931
1932	1932
1933	1933
1935	1935
1936	1936
1937	1937
1941	1941
1942	1942
1943	1943
1944	1944
1945	1945
1951	1951
1952	1952
1955	1955
1956	1956
1959	1959
1960	1960
1963	1963
1964	1964
6810	6810
6819	6819
6821	6821
6863	6863
6870	6870
6872	6872
6880	6880
6894	6894
6913	6913
6914	6914
6925	6925
6929	6929
6952	6952
6976	6976
7000	7000
7015	7015
7016	7016
7095	7095
7098	7098
7099	7099
731	731
732	732
736	736
742	742
744	744
746	746
751	751
766	766
775	775
777	777
783	783
786	786
787	787
791	791
797	797
812	812
813	813
816	816
828	828
834	834
843	843
850	850
851	851
859	859
871	871
886	886
892	892
894	894
896	896
933	933
946	946
948	948
952	952
962	962
966	966
976	976
981	981
991	991
