FID	IID
68420	68420
68422	68422
68425	68425
68427	68427
68428	68428
68430	68430
68434	68434
68454	68454
68455	68455
68515	68515
68522	68522
68624	68624
68637	68637
68658	68658
68682	68682
70460	70460
70485	70485
70490	70490
70568	70568
70579	70579
70609	70609
70614	70614
70665	70665
70672	70672
70696	70696
71673	71673
71674	71674
71675	71675
71677	71677
71684	71684
71685	71685
71688	71688
71689	71689
71690	71690
71692	71692
71697	71697
71699	71699
71701	71701
71702	71702
71704	71704
71705	71705
71706	71706
71708	71708
71709	71709
71712	71712
71715	71715
71716	71716
71719	71719
71721	71721
71723	71723
71724	71724
71725	71725
71726	71726
71727	71727
71728	71728
71730	71730
71731	71731
71733	71733
71734	71734
71735	71735
71737	71737
71739	71739
71740	71740
71741	71741
71742	71742
71745	71745
71746	71746
71747	71747
71749	71749
71750	71750
71751	71751
71752	71752
71754	71754
71755	71755
71756	71756
71757	71757
71760	71760
71762	71762
71763	71763
71764	71764
71765	71765
71766	71766
71767	71767
71768	71768
71769	71769
71770	71770
71773	71773
71775	71775
71778	71778
71782	71782
71784	71784
71787	71787
71791	71791
71792	71792
71793	71793
71794	71794
71795	71795
71799	71799
71800	71800
71801	71801
71802	71802
71803	71803
71804	71804
71806	71806
71807	71807
71811	71811
71812	71812
71814	71814
71815	71815
71816	71816
71817	71817
71819	71819
71824	71824
71825	71825
71826	71826
71832	71832
71833	71833
71834	71834
71836	71836
71838	71838
71839	71839
71841	71841
71847	71847
71848	71848
71850	71850
71851	71851
71852	71852
71855	71855
71858	71858
71860	71860
71863	71863
71865	71865
71868	71868
71871	71871
71879	71879
71880	71880
71881	71881
71882	71882
71883	71883
71884	71884
71885	71885
71887	71887
71890	71890
71891	71891
71893	71893
71895	71895
71896	71896
71899	71899
71901	71901
71903	71903
71904	71904
71908	71908
71910	71910
71911	71911
71912	71912
71917	71917
71918	71918
71919	71919
71922	71922
71923	71923
71924	71924
71927	71927
71931	71931
71932	71932
71935	71935
71936	71936
71937	71937
71938	71938
71940	71940
71942	71942
71946	71946
71947	71947
71949	71949
71951	71951
71952	71952
71954	71954
71955	71955
71960	71960
71961	71961
71963	71963
71964	71964
71967	71967
71972	71972
71973	71973
71974	71974
71976	71976
71977	71977
71978	71978
71980	71980
71981	71981
71983	71983
71984	71984
71986	71986
71987	71987
71988	71988
71991	71991
71992	71992
71993	71993
71994	71994
71995	71995
74458	74458
76348	76348
76351	76351
76352	76352
76353	76353
